70_graus_750rev,Time,Tt(°C),High Alarm,Tb(°C),High Alarm,Serial Number
1,2025-03-20 13:13:38,57.1,50.0,27.4,100.0,040005907
2,2025-03-20 13:13:43,57.4,50.0,27.4,100.0
3,2025-03-20 13:13:48,56.5,50.0,27.4,100.0
4,2025-03-20 13:13:53,47.5,50.0,27.4,100.0
5,2025-03-20 13:13:58,31.8,50.0,27.4,100.0
6,2025-03-20 13:14:03,28.8,50.0,27.4,100.0
7,2025-03-20 13:14:08,28.8,50.0,27.4,100.0
8,2025-03-20 13:14:13,29.4,50.0,27.4,100.0
9,2025-03-20 13:14:18,30.2,50.0,27.4,100.0
10,2025-03-20 13:14:23,30.9,50.0,27.4,100.0
11,2025-03-20 13:14:28,31.6,50.0,27.5,100.0
12,2025-03-20 13:14:33,32.2,50.0,27.5,100.0
13,2025-03-20 13:14:38,32.9,50.0,27.5,100.0
14,2025-03-20 13:14:43,33.5,50.0,27.5,100.0
15,2025-03-20 13:14:48,34.1,50.0,27.5,100.0
16,2025-03-20 13:14:53,34.7,50.0,27.5,100.0
17,2025-03-20 13:14:58,35.3,50.0,27.5,100.0
18,2025-03-20 13:15:03,35.8,50.0,27.5,100.0
19,2025-03-20 13:15:08,36.4,50.0,27.6,100.0
20,2025-03-20 13:15:13,36.9,50.0,27.6,100.0
21,2025-03-20 13:15:18,37.4,50.0,27.6,100.0
22,2025-03-20 13:15:23,37.9,50.0,27.6,100.0
23,2025-03-20 13:15:28,38.4,50.0,27.5,100.0
24,2025-03-20 13:15:33,38.9,50.0,27.5,100.0
25,2025-03-20 13:15:38,39.4,50.0,27.5,100.0
26,2025-03-20 13:15:43,39.9,50.0,27.5,100.0
27,2025-03-20 13:15:48,40.3,50.0,27.5,100.0
28,2025-03-20 13:15:53,40.8,50.0,27.5,100.0
29,2025-03-20 13:15:58,41.2,50.0,27.5,100.0
30,2025-03-20 13:16:03,41.6,50.0,27.5,100.0
31,2025-03-20 13:16:08,42.0,50.0,27.5,100.0
32,2025-03-20 13:16:13,42.4,50.0,27.4,100.0
33,2025-03-20 13:16:18,42.8,50.0,27.4,100.0
34,2025-03-20 13:16:23,43.2,50.0,27.4,100.0
35,2025-03-20 13:16:28,43.6,50.0,27.4,100.0
36,2025-03-20 13:16:33,44.0,50.0,27.4,100.0
37,2025-03-20 13:16:38,44.3,50.0,27.4,100.0
38,2025-03-20 13:16:43,44.7,50.0,27.4,100.0
39,2025-03-20 13:16:48,45.1,50.0,27.3,100.0
40,2025-03-20 13:16:53,45.4,50.0,27.3,100.0
41,2025-03-20 13:16:58,45.8,50.0,27.3,100.0
42,2025-03-20 13:17:03,46.1,50.0,27.3,100.0
43,2025-03-20 13:17:08,46.4,50.0,27.3,100.0
44,2025-03-20 13:17:13,46.8,50.0,27.3,100.0
45,2025-03-20 13:17:18,47.1,50.0,27.3,100.0
46,2025-03-20 13:17:23,47.4,50.0,27.3,100.0
47,2025-03-20 13:17:28,47.7,50.0,27.3,100.0
48,2025-03-20 13:17:33,48.0,50.0,27.4,100.0
49,2025-03-20 13:17:38,48.3,50.0,27.4,100.0
50,2025-03-20 13:17:43,48.6,50.0,27.4,100.0
51,2025-03-20 13:17:48,48.9,50.0,27.5,100.0
52,2025-03-20 13:17:53,49.2,50.0,27.5,100.0
53,2025-03-20 13:17:58,49.5,50.0,27.5,100.0
54,2025-03-20 13:18:03,49.8,50.0,27.5,100.0
55,2025-03-20 13:18:08,50.0,50.0,27.5,100.0
56,2025-03-20 13:18:13,50.3,50.0,27.6,100.0
57,2025-03-20 13:18:18,50.6,50.0,27.6,100.0
58,2025-03-20 13:18:23,50.8,50.0,27.5,100.0
59,2025-03-20 13:18:28,51.1,50.0,27.5,100.0
60,2025-03-20 13:18:33,51.3,50.0,27.5,100.0
61,2025-03-20 13:18:38,51.6,50.0,27.5,100.0
62,2025-03-20 13:18:43,51.8,50.0,27.5,100.0
63,2025-03-20 13:18:48,52.0,50.0,27.5,100.0
64,2025-03-20 13:18:53,52.3,50.0,27.5,100.0
65,2025-03-20 13:18:58,52.5,50.0,27.5,100.0
66,2025-03-20 13:19:03,52.7,50.0,27.5,100.0
67,2025-03-20 13:19:08,52.9,50.0,27.5,100.0
68,2025-03-20 13:19:13,53.2,50.0,27.5,100.0
69,2025-03-20 13:19:18,53.4,50.0,27.5,100.0
70,2025-03-20 13:19:23,53.6,50.0,27.5,100.0
71,2025-03-20 13:19:28,53.8,50.0,27.5,100.0
72,2025-03-20 13:19:33,54.0,50.0,27.5,100.0
73,2025-03-20 13:19:38,54.2,50.0,27.4,100.0
74,2025-03-20 13:19:43,54.4,50.0,27.4,100.0
75,2025-03-20 13:19:48,54.6,50.0,27.4,100.0
76,2025-03-20 13:19:53,54.8,50.0,27.4,100.0
77,2025-03-20 13:19:58,55.0,50.0,27.4,100.0
78,2025-03-20 13:20:03,55.1,50.0,27.4,100.0
79,2025-03-20 13:20:08,55.3,50.0,27.4,100.0
80,2025-03-20 13:20:13,55.5,50.0,27.4,100.0
81,2025-03-20 13:20:18,55.7,50.0,27.4,100.0
82,2025-03-20 13:20:23,55.9,50.0,27.4,100.0
83,2025-03-20 13:20:28,56.0,50.0,27.4,100.0
84,2025-03-20 13:20:33,56.2,50.0,27.4,100.0
85,2025-03-20 13:20:38,56.4,50.0,27.4,100.0
86,2025-03-20 13:20:43,56.5,50.0,27.4,100.0
87,2025-03-20 13:20:48,56.7,50.0,27.4,100.0
88,2025-03-20 13:20:53,56.8,50.0,27.4,100.0
89,2025-03-20 13:20:58,57.0,50.0,27.4,100.0
90,2025-03-20 13:21:03,57.1,50.0,27.4,100.0
91,2025-03-20 13:21:08,57.3,50.0,27.4,100.0
92,2025-03-20 13:21:13,57.4,50.0,27.4,100.0
93,2025-03-20 13:21:18,57.6,50.0,27.4,100.0
94,2025-03-20 13:21:23,57.7,50.0,27.5,100.0
95,2025-03-20 13:21:28,57.9,50.0,27.5,100.0
96,2025-03-20 13:21:33,58.0,50.0,27.5,100.0
97,2025-03-20 13:21:38,58.2,50.0,27.5,100.0
98,2025-03-20 13:21:43,58.3,50.0,27.5,100.0
99,2025-03-20 13:21:48,58.4,50.0,27.5,100.0
100,2025-03-20 13:21:53,58.6,50.0,27.5,100.0
101,2025-03-20 13:21:58,58.7,50.0,27.5,100.0
102,2025-03-20 13:22:03,58.8,50.0,27.5,100.0
103,2025-03-20 13:22:08,58.9,50.0,27.5,100.0
104,2025-03-20 13:22:13,59.1,50.0,27.5,100.0
105,2025-03-20 13:22:18,59.2,50.0,27.5,100.0
106,2025-03-20 13:22:23,59.3,50.0,27.5,100.0
107,2025-03-20 13:22:28,59.4,50.0,27.5,100.0
108,2025-03-20 13:22:33,59.5,50.0,27.5,100.0
109,2025-03-20 13:22:38,59.7,50.0,27.5,100.0
110,2025-03-20 13:22:43,59.8,50.0,27.5,100.0
111,2025-03-20 13:22:48,59.9,50.0,27.5,100.0
112,2025-03-20 13:22:53,60.0,50.0,27.5,100.0
113,2025-03-20 13:22:58,60.1,50.0,27.5,100.0
114,2025-03-20 13:23:03,60.2,50.0,27.5,100.0
115,2025-03-20 13:23:08,60.3,50.0,27.5,100.0
116,2025-03-20 13:23:13,60.4,50.0,27.5,100.0
117,2025-03-20 13:23:18,60.5,50.0,27.5,100.0
118,2025-03-20 13:23:23,60.6,50.0,27.5,100.0
119,2025-03-20 13:23:28,60.6,50.0,27.5,100.0
120,2025-03-20 13:23:33,60.7,50.0,27.5,100.0
121,2025-03-20 13:23:38,60.8,50.0,27.5,100.0
122,2025-03-20 13:23:43,60.9,50.0,27.5,100.0
123,2025-03-20 13:23:48,61.0,50.0,27.4,100.0
124,2025-03-20 13:23:53,61.1,50.0,27.4,100.0
125,2025-03-20 13:23:58,61.1,50.0,27.4,100.0
126,2025-03-20 13:24:03,61.2,50.0,27.4,100.0
127,2025-03-20 13:24:08,61.3,50.0,27.4,100.0
128,2025-03-20 13:24:13,61.3,50.0,27.4,100.0
129,2025-03-20 13:24:18,61.4,50.0,27.4,100.0
130,2025-03-20 13:24:23,61.5,50.0,27.4,100.0
131,2025-03-20 13:24:28,61.6,50.0,27.4,100.0
132,2025-03-20 13:24:33,61.6,50.0,27.4,100.0
133,2025-03-20 13:24:38,61.7,50.0,27.3,100.0
134,2025-03-20 13:24:43,61.7,50.0,27.3,100.0
135,2025-03-20 13:24:48,61.8,50.0,27.3,100.0
136,2025-03-20 13:24:53,61.9,50.0,27.3,100.0
137,2025-03-20 13:24:58,61.9,50.0,27.3,100.0
138,2025-03-20 13:25:03,62.0,50.0,27.3,100.0
139,2025-03-20 13:25:08,62.1,50.0,27.3,100.0
140,2025-03-20 13:25:13,62.1,50.0,27.3,100.0
141,2025-03-20 13:25:18,62.2,50.0,27.3,100.0
142,2025-03-20 13:25:23,62.2,50.0,27.3,100.0
143,2025-03-20 13:25:28,62.3,50.0,27.3,100.0
144,2025-03-20 13:25:33,62.3,50.0,27.3,100.0
145,2025-03-20 13:25:38,62.4,50.0,27.3,100.0
146,2025-03-20 13:25:43,62.4,50.0,27.2,100.0
147,2025-03-20 13:25:48,62.5,50.0,27.2,100.0
148,2025-03-20 13:25:53,62.5,50.0,27.3,100.0
149,2025-03-20 13:25:58,62.6,50.0,27.3,100.0
150,2025-03-20 13:26:03,62.6,50.0,27.3,100.0
151,2025-03-20 13:26:08,62.7,50.0,27.3,100.0
152,2025-03-20 13:26:13,62.7,50.0,27.3,100.0
153,2025-03-20 13:26:18,62.8,50.0,27.4,100.0
154,2025-03-20 13:26:23,62.8,50.0,27.4,100.0
155,2025-03-20 13:26:28,62.9,50.0,27.4,100.0
156,2025-03-20 13:26:33,62.9,50.0,27.4,100.0
157,2025-03-20 13:26:38,62.9,50.0,27.4,100.0
158,2025-03-20 13:26:43,63.0,50.0,27.4,100.0
159,2025-03-20 13:26:48,63.0,50.0,27.4,100.0
160,2025-03-20 13:26:53,63.1,50.0,27.4,100.0
161,2025-03-20 13:26:58,63.1,50.0,27.4,100.0
162,2025-03-20 13:27:03,63.2,50.0,27.4,100.0
163,2025-03-20 13:27:08,63.2,50.0,27.4,100.0
164,2025-03-20 13:27:13,63.2,50.0,27.4,100.0
165,2025-03-20 13:27:18,63.3,50.0,27.4,100.0
166,2025-03-20 13:27:23,63.3,50.0,27.5,100.0
167,2025-03-20 13:27:28,63.4,50.0,27.5,100.0
168,2025-03-20 13:27:33,63.4,50.0,27.5,100.0
169,2025-03-20 13:27:38,63.4,50.0,27.5,100.0
170,2025-03-20 13:27:43,63.5,50.0,27.5,100.0
171,2025-03-20 13:27:48,63.5,50.0,27.5,100.0
172,2025-03-20 13:27:53,63.5,50.0,27.5,100.0
173,2025-03-20 13:27:58,63.6,50.0,27.5,100.0
174,2025-03-20 13:28:03,63.6,50.0,27.5,100.0
175,2025-03-20 13:28:08,63.6,50.0,27.5,100.0
176,2025-03-20 13:28:13,63.7,50.0,27.5,100.0
177,2025-03-20 13:28:18,63.7,50.0,27.5,100.0
178,2025-03-20 13:28:23,63.7,50.0,27.5,100.0
179,2025-03-20 13:28:28,63.8,50.0,27.5,100.0
180,2025-03-20 13:28:33,63.8,50.0,27.5,100.0
